78 32
68 43
67 63
67 83
67 103
67 123
67 143
67 163
68 183
68 203
68 223
68 243
68 263
68 283
69 303
69 323
78 338
98 339
118 339
138 342
147 361
147 381
147 401
147 421
145 441
147 461
147 481
160 488
180 488
200 488
220 488
240 488
260 488
280 488
300 488
320 488
340 488
360 488
380 488
400 488
420 488
440 488
460 488
480 488
500 488
520 488
540 488
555 482
555 462
555 442
555 422
555 402
555 382
555 362
569 345
589 343
609 343
629 343
635 325
635 305
635 285
636 265
636 245
636 225
637 205
637 185
637 165
638 145
638 125
638 105
638 85
638 65
637 45
623 36
603 36
583 36
563 35
546 44
545 64
545 84
539 100
519 100
499 100
479 99
459 100
439 100
419 99
399 99
379 98
359 98
339 98
319 98
299 98
279 98
259 98
239 98
219 98
199 97
179 98
159 98
150 84
150 64
149 44
138 32
118 32
98 32
