105 28
85 30
65 32
47 30
40 43
39 63
39 83
39 103
39 123
39 143
39 163
39 183
39 203
38 223
39 243
39 263
39 283
40 303
40 323
39 343
40 363
40 383
38 403
39 423
40 443
38 463
53 468
73 468
93 468
113 468
133 468
153 468
173 468
193 468
213 468
233 468
253 468
273 468
293 468
313 468
333 468
353 468
373 468
393 468
413 468
433 468
453 468
473 468
493 468
513 468
533 468
553 468
573 468
593 468
613 468
633 468
653 468
673 468
693 468
711 466
712 446
712 426
712 406
712 386
712 366
712 346
712 326
712 306
712 286
712 266
712 246
712 226
712 206
712 186
712 166
713 146
713 126
713 106
712 86
714 66
714 46
708 31
689 30
669 32
649 30
629 29
610 30
590 37
570 41
550 42
530 40
510 40
490 40
471 40
451 41
431 40
411 41
391 41
371 40
351 40
331 40
311 39
291 40
271 40
251 40
231 40
211 40
191 40
171 40
151 36
132 32
112 29
