449 24
429 26
409 26
389 26
369 26
349 26
329 26
309 26
289 26
269 26
249 27
229 27
209 27
189 28
169 27
149 28
129 27
109 28
89 28
69 27
49 28
43 44
43 64
43 84
44 104
44 124
44 144
44 164
44 184
44 204
44 224
45 244
45 264
45 284
45 304
45 324
45 344
45 364
45 384
45 404
45 424
45 444
46 464
46 484
46 504
46 524
46 544
46 564
47 584
47 604
64 607
84 607
104 607
124 607
144 607
164 607
184 607
204 607
224 607
244 607
264 607
284 607
304 607
324 607
344 607
364 607
384 607
404 607
424 607
444 607
464 607
484 607
504 607
524 607
544 607
564 607
584 607
604 607
624 607
644 607
664 607
684 607
704 607
724 607
744 607
764 607
784 607
802 605
802 585
802 565
802 545
802 525
803 505
803 485
803 465
803 445
803 425
803 405
803 385
803 365
803 345
802 325
803 305
802 285
802 265
802 245
802 225
802 205
802 185
802 165
802 145
802 125
802 105
802 85
802 65
802 45
799 25
780 24
760 26
740 25
720 25
700 26
680 26
660 26
640 26
620 26
600 26
580 26
560 26
540 26
520 26
500 26
480 26
460 24
