374 34
354 36
334 36
314 36
294 36
274 36
254 36
234 36
214 36
194 36
174 36
154 36
134 36
117 43
97 46
77 63
71 82
71 102
71 122
71 142
71 162
72 182
69 202
73 222
73 242
77 262
95 279
114 298
119 318
119 338
119 358
119 378
119 398
138 399
158 399
178 399
198 399
218 399
238 399
258 399
278 399
298 399
318 399
338 399
358 399
378 399
398 399
418 399
438 399
458 399
478 399
498 399
518 399
527 389
528 369
528 349
528 329
528 309
542 289
559 273
575 255
575 235
576 215
578 195
577 175
576 155
575 135
576 115
575 95
575 75
562 57
542 44
524 38
504 36
484 36
464 36
444 36
424 36
404 36
384 36
