69 42
66 62
67 82
68 102
69 122
68 142
69 162
69 182
69 202
69 222
68 242
65 262
57 281
46 300
43 320
41 337
61 337
81 337
101 337
121 337
141 337
161 337
181 337
201 337
221 337
241 337
261 337
281 337
301 337
321 337
341 337
361 337
381 337
401 337
421 337
441 337
461 337
481 337
499 336
490 316
482 297
472 278
471 258
468 238
468 218
468 198
470 178
470 158
471 138
473 118
476 98
476 78
477 58
467 44
447 44
427 43
407 43
387 42
367 42
347 42
327 42
307 42
287 42
267 42
247 42
227 42
207 42
187 42
167 42
147 42
127 42
107 42
87 42
